country_id	country_name	year	AG.SRF.TOTL.K2	NY.GDP.MKTP.KD.ZG	NY.GDP.PCAP.CD	SH.DYN.NMRT	SH.H2O.SAFE.UR.ZS	SH.STA.BFED.ZS	SI.POV.NAGP	SM.POP.REFG.OR	SP.ADO.TFRT	SP.POP.65UP.TO.ZS	SP.POP.GROW	SP.POP.TOTL	SP.URB.TOTL.IN.ZS	TM.VAL.FOOD.ZS.UN	TX.VAL.FOOD.ZS.UN
ABW	Aruba	2014	180	NA	NA	NA	98.1	NA	NA	NA	23.122	11.7535600003867	0.50396982061011	103441	41.779	NA	NA
ADO	Andorra	2014	470	NA	NA	1.5	100	NA	NA	7	NA	NA	-4.19194054987126	72786	85.633	NA	NA
AFG	Afghanistan	2014	652860	1.31253090783336	633.56924695192	36.1	78.2	NA	NA	2593368	76.7336	2.43468454325801	3.03347255254667	31627506	26.282	9.51326057195841	14.4956237464036
AGO	Angola	2014	1246700	NA	NA	49.6	75.4	NA	NA	9507	166.6028	2.30859331725355	3.26955240572046	24227524	43.274	NA	NA
ALB	Albania	2014	28750	2.16999999999989	4564.39033869288	6.5	94.9	NA	NA	10140	21.4896	12.0622519618116	-0.0998300968586222	2894475	56.409	10.3262176054404	3.00290920278718
ARB	Arab World	2014	13152838.5	2.22165014544402	7386.4284437148	17.955758037425	92.6122004798051	NA	NA	6171232	48.2281529997765	4.26227212098414	2.16809873520243	385272539	57.3884565369192	NA	NA
ARE	United Arab Emirates	2014	83600	4.57028972121714	43962.713693201	3.6	99.6	NA	NA	90	29.2538	1.03930833547671	0.509332470845006	9086139	85.266	NA	NA
ARG	Argentina	2014	2780400	0.45360547903708	12509.5311180615	6.5	98.9	NA	NA	318	63.8512	10.8089836893072	1.03305555285726	42980026	91.604	2.43119437333066	55.8739120379145
ARM	Armenia	2014	29740	3.49999999999989	3873.53356580682	7.7	100	NA	NA	11850	23.5084	10.5795977185467	0.465529171376968	3006154	62.812	19.5126633357618	31.7615739853845
ASM	American Samoa	2014	200	NA	NA	NA	100	NA	NA	NA	NA	NA	0.23840496770808	55434	87.264	NA	NA
ATG	Antigua and Barbuda	2014	440	4.82198262651119	13432.0793301552	5.1	97.9	NA	NA	53	45.6642	7.11551155115511	1.01170114102671	90900	24.19	NA	NA
AUS	Australia	2014	7741220	2.4998512224341	61925.4960621856	2.3	100	NA	NA	25	14.405	14.7242740805711	1.56543128326783	23490736	89.289	6.29194857337666	14.0064108780377
AUT	Austria	2014	83879	0.353471065680438	51190.8082481007	2.2	100	NA	NA	10	7.379	18.5971306984829	0.647909059253162	8534492	65.919	NA	NA
AZE	Azerbaijan	2014	86600	2	7884.19023556968	18.9	94.3	NA	NA	10521	58.5604	5.56231871987924	1.2769828044979	9537823	54.355	17.5176358587454	3.82233345988698
BDI	Burundi	2014	27830	4.66091818447367	286.002335872952	29.3	91.1	NA	NA	72499	28.6552	2.46883106557725	3.29780374786576	10816860	11.761	13.0619116597265	72.0723125737868
BEL	Belgium	2014	30530	1.34836095620594	47352.9429059596	2.2	100	NA	NA	75	8.3764	18.0048461107743	0.378347065020028	11225207	97.818	9.08362411228726	9.38821896313658
BEN	Benin	2014	114760	6.54148665115765	903.464924007693	32.2	85.2	NA	NA	340	84.59	2.88945152711492	2.6410767577434	10598482	43.514	47.6281907275102	29.852954968457
BFA	Burkina Faso	2014	274220	3.99604471922063	713.063889658834	27.2	97.5	NA	NA	1853	109.9036	2.4108489767413	2.91101831662217	17589198	29.024	12.6540620655532	26.452566783141
BGD	Bangladesh	2014	148460	6.06109305375391	1086.80707853522	24.2	86.3	NA	NA	10865	83.49	4.95581421366577	1.21437738484915	159077513	33.516	NA	NA
BGR	Bulgaria	2014	111000	1.54999999999997	7851.26542804234	5.9	99.6	NA	NA	1648	38.5874	19.7291103227358	-0.568389264052903	7223938	73.626	8.89234477834848	16.1313176574698
BHR	Bahrain	2014	770	4.48093515168384	24855.2156350086	1.1	100	NA	NA	347	13.5426	2.37053299361935	0.922275349535584	1361930	88.719	NA	NA
BHS	Bahamas, The	2014	13880	1.02278610479254	22217.4941392075	7.1	98.4	NA	NA	215	30.526	7.97589895941564	1.37024992020178	383054	82.801	16.051069252195	20.123751916834
BIH	Bosnia and Herzegovina	2014	51210	0.782612256090616	4790.04965822092	4.2	99.7	NA	NA	21845	9.1124	14.970659223157	-0.156496090680957	3817554	39.616	16.7526736804991	7.01747852582037
BLR	Belarus	2014	207600	1.58780161918546	8040.04755697133	1.9	99.9	NA	NA	4302	18.84	13.9793684954205	0.0422475713930697	9470000	76.277	11.457498347245	14.5896128900117
BLZ	Belize	2014	22970	3.58331482421448	4831.17755186177	8.6	98.9	NA	NA	45	66.673	3.7539877056405	2.15930527714553	351706	44.124	NA	NA
BMU	Bermuda	2014	50	NA	NA	NA	NA	NA	NA	0	NA	NA	0.276918816633587	65181	100	20.7746736157641	23.7966141290375
BOL	Bolivia	2014	1098580	5.460569751994	3124.08076212353	20.1	96.7	NA	NA	599	71.147	6.33941643193114	1.54527839862755	10561887	68.107	7.6453601232317	15.9401916961625
BRA	Brazil	2014	8515770	0.144707354149403	11384.4150095055	9.6	100	NA	NA	977	67.3106	7.57532620019252	0.886360083057745	206077898	85.433	4.89532683344705	35.3936613980903
BRB	Barbados	2014	430	0.180342651036966	15366.2926106288	8.2	99.7	NA	NA	86	41.9272	13.7592631801821	0.309958313694471	283380	31.554	19.7417450794828	33.442773431769
BRN	Brunei Darussalam	2014	5770	-2.33999999999999	40979.6419433378	4.3	NA	NA	NA	1	21.1164	4.16728558628059	1.42240298587419	417394	76.887	15.4067079188987	0.38922206169966
BTN	Bhutan	2014	38394	5.45881731232578	2560.50115417183	19.1	100	NA	NA	23642	22.694	4.9551115805325	1.36494523599918	765008	37.898	NA	NA
BWA	Botswana	2014	581730	4.42104075942358	7123.33924130145	22.4	99.2	NA	NA	237	33.6482	3.53478499615079	1.97561405709693	2219937	57.187	8.85017060265634	1.97698994528544
CAF	Central African Republic	2014	622980	1.01032912916968	358.537835857595	43.3	89.6	NA	NA	410787	93.2172	3.8685839982216	1.96828338590843	4804316	39.759	NA	NA
CAN	Canada	2014	9984670	2.43930610758747	50235.3855086004	3.3	100	NA	NA	95	10.0832	15.6909477359273	1.08097771689146	35540419	81.65	7.86482248649099	10.8084896758139
CEB	Central Europe and the Baltics	2014	1134886	2.79174724251394	14086.5218096524	3.88018430131729	99.6834517687336	NA	NA	48680	19.5233311006362	16.5552728996093	-0.249333439240246	103455133	62.2674341009545	7.7533285008853	9.07452628866613
CHE	Switzerland	2014	41285	1.88947694383224	85594.3266013745	2.8	100	NA	NA	19	3.0578	17.8373971838849	1.23939711432935	8190229	73.844	6.0402116588189	4.00542279120609
CHI	Channel Islands	2014	190	NA	NA	NA	NA	NA	NA	NA	7.1408	16.936231332519	0.479304420081339	162917	31.363	NA	NA
CHL	Chile	2014	756096	1.89404902379226	14528.3258112673	5.1	99.7	NA	NA	579	48.1088	10.6982140668561	1.05729358069562	17762647	89.356	8.43298915090491	22.4519409175144
CHN	China	2014	9562911	7.26846092873832	7590.01644054361	5.9	97.5	NA	NA	210730	7.3478	9.18268084838188	0.506311591779847	1364270000	54.41	5.79025053649779	2.7077252275314
CIV	Cote d'Ivoire	2014	322460	8.54646785215148	1545.94224924803	38.6	93.1	NA	NA	71959	135.464	3.03486371212632	2.44243260978919	22157107	53.479	16.8416440909563	51.9848814963886
CMR	Cameroon	2014	475440	5.92696495921939	1407.40341322234	26.1	94.8	NA	NA	10761	106.853	3.21852434640405	2.49811030629492	22773014	53.819	17.3941345674487	17.4924157563719
COG	Congo, Rep.	2014	342000	6.77994095325852	3147.07216061205	18.6	95.8	NA	NA	14497	119.234	3.64828826525062	2.48634721343358	4504962	64.957	NA	NA
COL	Colombia	2014	1141749	4.55250099165391	7903.92577311647	8.8	96.8	NA	10.8	103150	51.6738	6.76025074222047	0.944004217769977	47791393	76.161	NA	NA
COM	Comoros	2014	1861	2.06163946899514	810.07576676222	34.7	92.6	NA	NA	581	69.5516	2.78964299582722	2.4045509246111	769991	28.193	NA	NA
CPV	Cabo Verde	2014	4030	2.79984680285727	3641.10765586575	12.6	94	NA	NA	27	73.6546	4.72654532151794	1.30206194557833	513906	64.84	NA	NA
CRI	Costa Rica	2014	51100	3.50235223124649	10415.4443817218	6.3	99.6	NA	8.8	417	57.0388	8.60041794129232	1.08143042772854	4757606	75.915	NA	NA
CSS	Caribbean small states	2014	434990	1.12835797446304	10164.3209582871	12.7993941817625	97.7267052399912	NA	NA	6221	57.1095423672072	8.16904280520282	0.540954402630007	7013555	42.084337211015	NA	NA
CUB	Cuba	2014	109880	NA	NA	2.4	96.3	NA	NA	6502	46.1674	13.6144466821705	0.146040659128383	11379111	76.97	NA	NA
CUW	Curacao	2014	444	NA	NA	NA	NA	NA	NA	35	34.4964	14.4552942611532	1.32455689111688	155872	89.43	NA	NA
CYM	Cayman Islands	2014	264	NA	NA	NA	97.4	NA	NA	6	NA	NA	1.36635300494472	59172	100	NA	NA
CYP	Cyprus	2014	9250	-2.25525909069297	27194.3918374826	1.5	100	NA	NA	10	5.0858	12.5597014019753	1.04614274289616	1153658	67.019	19.6962318306623	36.3339744742188
CZE	Czech Republic	2014	78870	1.97815404498431	19529.8435634643	1.9	100	NA	NA	1328	10.1304	17.5429535565292	-0.0352535419144028	10510566	73.019	5.96879312693847	4.8408550841033
DEU	Germany	2014	357170	1.59977039232734	47821.9174641231	2.2	100	NA	NA	176	6.9604	21.070280975949	0.301977923369119	80889505	75.094	7.73248937877357	5.62666934826226
DJI	Djibouti	2014	23200	6.00019432397339	1813.59656630259	34.2	97.4	NA	NA	880	21.8254	4.11048490368352	1.33509343245264	876174	77.262	NA	NA
DMA	Dominica	2014	750	3.87858347386172	7244.49584708636	15.6	95.7	NA	NA	38	NA	NA	0.465548898978779	72341	69.256	NA	NA
DNK	Denmark	2014	43090	1.08841956497687	60707.2493654219	2.6	100	NA	NA	12	4.1192	18.4990735623216	0.437745717734919	5639565	87.502	13.7445947559681	18.6038938896225
DOM	Dominican Republic	2014	48670	7.34087836586743	6163.57585665162	22.1	85.9	NA	NA	349	98.4344	6.51088517398183	1.20398696153206	10405943	78.061	14.3889435801784	26.5461923008921
DZA	Algeria	2014	2381740	3.80000000983483	5484.0668056148	15.6	84.9	NA	NA	3523	10.7914	5.80344587376273	1.94039918384128	38934334	70.129	20.1031063045276	0.515502564897682
EAP	East Asia & Pacific (developing only)	2014	16270863	6.74572319882584	6240.40375063742	9.4	96.8318077051168	NA	NA	784268	22.6900783182469	8.10838047677921	0.727006998863985	2020657137	51.9496372545096	6.42657054828224	5.32909612240841
EAS	East Asia & Pacific (all income levels)	2014	24825178.3	3.5829855508708	9475.34962879974	8.93455017225377	97.3083861798724	NA	NA	785144	21.3050427283311	9.31926425926921	0.676464380299109	2264079901	55.7210961795911	6.49975630172574	4.71542776713543
ECA	Europe & Central Asia (developing only)	2014	6385618	2.25346071311776	6874.29918325205	11	98.5418502633757	NA	NA	431682	27.7778473730338	9.99427759621304	0.737150787921252	264350728	59.917536178122	8.16766521006158	14.0307811608321
ECS	Europe & Central Asia (all income levels)	2014	28460411	1.43066750495247	25669.663397159	6.18033100639204	99.4214903422058	NA	NA	550506	18.041856246032	15.3777193023305	0.475455254206736	903110622	70.6632117213107	9.92253298946158	9.67609469833402
ECU	Ecuador	2014	256370	3.67498213973248	6345.84072505948	11.1	93.4	NA	7.87	805	76.1726	6.53828517990034	1.53090212522316	15902916	63.516	7.75076871143976	35.3127024306677
EGY	Egypt, Arab Rep.	2014	1001450	2.20000000784101	3198.69505844244	13.3	100	NA	NA	15873	52.4352	5.17090205846929	2.2188633037184	89579670	43.069	21.0992787377169	17.102571063308
EMU	Euro area	2014	2758812	0.887767554903334	39589.2789463974	2.35378459097126	99.9716890667025	NA	NA	1806	7.86561387675571	19.6897777764157	0.429916168988726	338733933	75.6881680644791	9.84763956486787	9.77867903231342
ERI	Eritrea	2014	117600	NA	NA	18.8	73.2	NA	NA	330526	55.6712	2.59364939719524	2.20836041247992	5110444	22.193	NA	NA
ESP	Spain	2014	505940	1.36077061211743	29767.3515599957	2.8	100	NA	NA	60	8.522	18.4415918160846	-0.463196350953176	46404602	79.355	10.7981436891659	15.5678479884816
EST	Estonia	2014	45230	2.90653716670559	20161.581794126	1.7	100	NA	NA	339	13.6678	18.5295885209196	-0.330744376877774	1313645	67.622	10.0173636532239	10.308470642324
ETH	Ethiopia	2014	1104300	10.2791870240632	573.565960346077	28.5	92.7	NA	NA	86861	60.1198	3.45337849509005	2.50680865992637	96958732	19.028	NA	NA
EUU	European Union	2014	4383492	1.39506557599188	36422.6383086149	2.63784482656034	99.9301137223793	NA	NA	49577	10.9794461232919	18.8452485598373	0.346749412513518	508314519	74.5680376177004	10.1416858581608	9.66030004748565
FCS	Fragile and conflict affected situations	2014	14778260.5	-0.940974691529192	1530.10868526888	28.999479848129	85.2063806890364	NA	NA	11215988	85.4038081116912	3.42593672251813	2.43472612530316	472954698	40.7467685104569	NA	NA
FIN	Finland	2014	338420	-0.404700297243537	49823.701368522	1.3	100	NA	NA	7	6.6682	19.8080902829738	0.451710860588948	5463596	84.086	7.86799669676236	2.88364398010553
FJI	Fiji	2014	18270	6.94457631346839	5112.32211740524	9.8	99.5	NA	NA	924	44.4298	5.63912234192565	0.674955885556658	886450	53.354	17.6823460470148	66.0294592657703
FRA	France	2014	549087	0.179566376852165	42732.5665028093	2.3	100	NA	NA	92	9.0482	18.6690889318142	0.425985399405988	66206930	79.289	9.17694535910246	12.6691189414193
FRO	Faeroe Islands	2014	1396	NA	NA	NA	NA	NA	NA	NA	NA	NA	-0.14713046492811	48221	41.743	NA	NA
FSM	Micronesia, Fed. Sts.	2014	700	-3.40289805723164	3057.09102471788	19.2	94.8	NA	NA	NA	15.6944	4.20206835569567	0.313820879224221	104044	22.378	NA	NA
GAB	Gabon	2014	267670	4.31487712607701	10772.0617537637	23.8	97.2	NA	NA	172	102.2	5.15544184211041	2.23626644664236	1687673	86.92	NA	NA
GBR	United Kingdom	2014	243610	2.94025323447028	46331.9774103502	2.5	100	NA	NA	141	15.3342	17.4985778317594	0.627596411582549	64510376	82.345	12.9639462616807	8.11133770903461
GEO	Georgia	2014	69700	4.76644243509141	3669.98139193278	7.6	100	NA	NA	6732	41.1308	14.1161809806448	0.375919386560632	4504100	53.468	14.8120934932612	40.7111556847516
GHA	Ghana	2014	238540	3.98586562415207	1441.63645311166	29	92.3	NA	NA	22147	67.5004	3.42673227858199	2.35007566114568	26786598	53.392	NA	NA
GIN	Guinea	2014	245860	0.39999860108793	539.615774988756	31.8	92.7	NA	NA	15243	141.6722	3.061905203744	2.69829437337075	12275527	36.68	NA	NA
GMB	Gambia, The	2014	11300	NA	NA	30.7	94.2	NA	NA	5134	113.5836	2.33590792661139	3.23199269159545	1928201	59.015	40.9260864804866	49.3592710307506
GNB	Guinea-Bissau	2014	36130	2.54028629573099	567.822610297551	40.6	96.7	NA	NA	1307	91.3858	3.14771401261751	2.4385275205738	1800513	48.55	NA	NA
GNQ	Equatorial Guinea	2014	28050	-0.304094543704878	18918.2768313328	33.7	72.5	NA	NA	174	109.7974	2.86215486943969	2.94254672400063	820885	39.756	NA	NA
GRC	Greece	2014	131960	0.653982658187189	21498.4180130496	3	100	NA	NA	113	7.6694	20.8689440754957	-0.635054054668695	10957740	77.678	12.7982585630622	17.4317326573776
GRD	Grenada	2014	340	5.68482121756995	8573.6940673666	6.2	99	NA	NA	324	31.4956	7.14910342363351	0.421200051684204	106349	35.58	NA	NA
GRL	Greenland	2014	410450	NA	NA	NA	100	NA	NA	NA	NA	NA	-0.333398666658893	56295	86.045	22.7187444028933	91.3574595229233
GTM	Guatemala	2014	108890	4.24977352466523	3673.13584251267	13.8	98.4	NA	NA	7483	81.404	4.76306256928447	2.04825214531038	16015494	51.115	13.5646328773204	42.4042527960621
GUM	Guam	2014	540	NA	NA	NA	99.5	NA	NA	NA	48.7892	8.40858764615651	1.45614962606008	167543	94.437	NA	NA
GUY	Guyana	2014	214970	NA	4053.90190377961	23.2	98	NA	NA	700	88.4178	4.85905748579972	0.375100608601386	763893	28.459	14.9879583257077	65.6672497467939
HIC	High income	2014	57725275.7	1.72754659813086	37755.8191701677	3.8	99.4499976102664	NA	NA	137900	19.801265055168	16.0474755521057	0.591653518672459	1398793049	80.6541304587007	8.32410248165881	9.17298665162205
HKG	Hong Kong SAR, China	2014	1100	2.50123909363809	40169.5436383441	NA	NA	NA	NA	25	3.2662	14.526830360423	0.751257934122812	7241700	100	4.91902987467125	NA
HND	Honduras	2014	112490	3.08521496129973	2434.82716190676	11.4	97.2	NA	49.3	4159	65.6586	4.7357969674742	1.42463808660857	7961680	54.137	NA	NA
HPC	Heavily indebted poor countries (HIPC)	2014	19767153.5	5.78815733599825	899.161110553819	27.8359019552335	86.1312959436264	NA	NA	6292503	100.842824049232	3.12636676920899	2.78061417629453	701714118	34.1313321138381	NA	NA
HRV	Croatia	2014	56590	-0.360434269363935	13475.2589621781	2.7	99.6	NA	NA	40126	9.925	18.6005954622963	-0.407343184777633	4238389	58.656	12.9719847940047	12.4765632527709
HTI	Haiti	2014	27750	2.74985018975964	824.159773204545	26	64.9	NA	NA	37161	39.675	4.57941422597308	1.34057272710327	10572029	57.436	NA	NA
HUN	Hungary	2014	93030	3.67222001972591	14028.7220956269	3.6	100	NA	NA	1267	18.2126	17.5340612404622	-0.317989531802519	9861673	70.771	5.17348874925224	8.34763957249638
IDN	Indonesia	2014	1910930	5.02466495739111	3491.92971737141	14	94	NA	1.8	9562	50.001	5.10861501684987	1.26019335881402	254454778	53.003	NA	NA
IMY	Isle of Man	2014	570	NA	NA	NA	NA	NA	NA	NA	NA	NA	0.766181328474289	87127	52.138	NA	NA
IND	India	2014	3287260	7.28625323936163	1581.51070308774	28.6	97.1	NA	NA	10433	25.6746	5.48830449671205	1.22673029572789	1295291543	32.366	4.45850933872258	11.4182543043303
IRL	Ireland	2014	70280	5.19936889535026	54374.3522391259	2.3	97.9	NA	NA	10	10.7732	12.7019287451734	0.313212277361193	4612719	62.952	13.5076423617207	11.8210607249976
IRN	Iran, Islamic Rep.	2014	1745150	4.34334340221696	5442.87477076039	9.8	97.7	NA	NA	82170	27.0988	4.96973752593365	1.27654529687566	78143644	72.855	NA	NA
IRQ	Iraq	2014	435240	-2.11826806087713	6420.37233256622	19	93.8	NA	NA	369904	83.2342	3.055623414576	3.00616083391248	34812326	69.361	NA	NA
ISL	Iceland	2014	103000	1.82666045354701	52004.4857483205	1	100	NA	NA	1	6.48	13.3329056147233	1.17449185595701	327589	94.042	10.6954194356985	43.5643599863152
ISR	Israel	2014	22070	2.5544230527243	37207.9944974624	2.2	100	NA	NA	971	10.0612	11.0311716770475	1.91467495311992	8215300	92.076	7.71940215358121	2.97655637951951
ITA	Italy	2014	301340	-0.443878226180374	34908.5009745916	2.1	100	NA	NA	67	6.0838	22.0141920876075	1.81371421076964	61336387	68.821	11.0212021940727	8.28650991742734
JAM	Jamaica	2014	10990	0.687750717694243	5104.76775679784	12	97.5	NA	NA	1692	60.5584	8.95688249312597	0.239809415391168	2721252	54.556	16.6767330236324	18.2772702496609
JOR	Jordan	2014	89320	3.09633027522935	5422.57087553321	11	97.8	NA	NA	1716	23.7632	3.7747285190848	2.25003752532381	6607000	83.447	18.1960019159777	20.4452557760658
JPN	Japan	2014	377962	-0.104499999999959	36194.4156134427	1	100	NA	NA	263	4.1584	25.7054221977529	-0.162550165733791	127131800	93.021	8.36454467504649	0.694091615648815
KAZ	Kazakhstan	2014	2724902	4.39999999999998	12601.7034780684	7.5	99.4	NA	NA	2212	28.586	6.73203151277592	1.47906871521046	17289111	53.29	10.2520313405929	3.33321915202079
KEN	Kenya	2014	580370	5.32805778559964	1358.26221855626	22.9	81.6	NA	NA	8556	91.531	2.75660104989831	2.64412139590371	44863583	25.197	NA	NA
KGZ	Kyrgyz Republic	2014	199949	3.60303614409068	1269.13933535111	12.1	96.7	NA	5.4	2437	39.9964	4.23208776345197	1.98382797777331	5834200	35.585	NA	NA
KHM	Cambodia	2014	181040	7.07152535164744	1094.57668777899	15.7	97.8	NA	NA	13062	51.0532	4.01498264368218	1.64159612591134	15328136	20.514	NA	NA
KIR	Kiribati	2014	810	3.69999999999999	1509.52118657047	24.1	87.4	NA	NA	3	17.9648	3.65167013668869	1.75883701548005	110470	44.173	NA	NA
KNA	St. Kitts and Nevis	2014	260	6.89509253505645	15510.3939262063	6.8	98.3	NA	NA	22	NA	NA	1.177184173849	54944	31.96	NA	NA
KOR	Korea, Rep.	2014	100266	3.31014756530605	27970.4951469293	1.7	99.7	NA	NA	481	1.6584	12.6763034070043	0.40595970701192	50423955	82.36	NA	NA
KSV	Kosovo	2014	10887	1.2185338565946	4051.64836077068	NA	NA	NA	NA	NA	NA	NA	0.276387564286183	1823149	NA	NA	NA
KWT	Kuwait	2014	17820	-1.6220334736164	43593.7020176514	3.4	99	NA	NA	994	10.1472	1.94627351476277	4.3408509000704	3753121	98.326	NA	NA
LAC	Latin America & Caribbean (developing only)	2014	15769281	1.76550654717794	9091.34019483498	10.2	97.2871776478448	NA	NA	194820	64.5664060415407	6.97188539951248	1.10773892623546	525173404	77.7815475054045	7.25237219956103	19.3166101663554
LAO	Lao PDR	2014	236800	7.51527012283708	1793.47049417605	30.7	85.6	NA	NA	7482	64.541	3.77417667020466	1.64767691845082	6689300	37.551	NA	NA
LBN	Lebanon	2014	10450	1.99999999998306	10057.8883563669	5	99	NA	NA	4272	12.6554	8.13295068366613	1.17998601933863	4546774	87.67	NA	NA
LBR	Liberia	2014	111370	0.499999999999986	457.858586520261	24.7	87.8	NA	NA	13548	110.5554	3.020433730599	2.36740833674657	4396554	49.308	NA	NA
LBY	Libya	2014	1759540	-24	6573.38673726201	7.5	NA	NA	NA	4194	6.2138	4.46010087260168	-0.111824621865494	6258984	78.359	NA	NA
LCA	St. Lucia	2014	620	0.456089138447595	7647.52954784946	9.5	99.5	NA	NA	922	54.3862	8.8823545427319	0.732343756788473	183645	18.477	NA	NA
LCN	Latin America & Caribbean (all income levels)	2014	20425333.4	1.35046099455958	9869.90278226133	9.75083289571181	97.3858370900393	NA	NA	204653	64.6466763255223	7.39221692333486	1.09492063769969	626270167	79.614807382798	7.15327492846146	23.0328577542312
LDC	Least developed countries: UN classification	2014	20818177.5	5.76367587135009	952.893825077934	28.0324286770744	84.5790530100198	NA	NA	7083034	92.3222371914059	3.55272398828142	2.40548837952966	931955068	31.0184204167931	NA	NA
LIC	Low income	2014	14455816	6.30953162760186	640.806627129689	27.5	86.6568764376493	NA	NA	6110670	98.1729029156041	3.39904607560509	2.72033645709146	621977594	29.7679450441972	NA	NA
LIE	Liechtenstein	2014	160	NA	NA	NA	NA	NA	NA	0	NA	NA	0.661951129529111	37286	14.305	NA	NA
LKA	Sri Lanka	2014	65610	4.45792640619591	3819.15839221521	5.6	98.5	NA	NA	121996	15.361	8.90503322883257	0.758721600871981	20639000	18.32	13.2102376757051	26.468551089061
LMC	Lower middle income	2014	20523269.5	5.67775225007887	2002.63681469217	26.5	93.6458585736394	NA	NA	6213486	47.0522333569251	5.15493519298018	1.51070942824619	2879112201	38.5320407821831	NA	NA
LMY	Low & middle income	2014	76599979.5	4.85162314412841	4275.58426651255	21.7	95.1402506856605	NA	NA	13315113	48.7666663827693	6.23899717701939	1.34790084570082	5861917628	46.9866402427076	7.34373722068365	10.1054069926902
LSO	Lesotho	2014	30360	3.63908275174477	1034.18528751221	33.4	94.5	NA	NA	17	92.2794	4.17206168982792	1.24688597973456	2109197	26.789	NA	NA
LTU	Lithuania	2014	65300	3.03246998460926	16506.8642516568	2.6	99.7	NA	NA	183	11.6044	18.6047851102476	-0.963688184350911	2929323	66.522	13.0006469059514	17.911916170423
LUX	Luxembourg	2014	2590	4.06929338108021	116664.262487523	1	100	NA	NA	2	6.1496	13.9523476704763	2.31292952366768	556074	89.872	11.7468989129038	10.7946332297413
LVA	Latvia	2014	64490	2.35920521753729	15719.2420207435	5.4	99.8	NA	NA	213	13.978	19.2601216274228	-1.11397660288086	1990351	67.421	13.8155892654832	17.9313903834537
MAC	Macao SAR, China	2014	30.3	-0.35295269023824	96038.0507240687	NA	NA	NA	NA	5	3.4972	8.53154621621902	1.72050632642515	577914	100	14.8660004633386	27.2010145851657
MAF	St. Martin (French part)	2014	54.4	NA	NA	NA	NA	NA	NA	NA	NA	NA	0.847219769659737	31530	NA	NA	NA
MAR	Morocco	2014	446550	2.41708118165246	3190.31044414024	18.2	98.7	NA	NA	1532	32.0718	6.07918003379773	1.39081937925812	33921203	59.699	NA	NA
MCO	Monaco	2014	2	NA	NA	2	100	NA	NA	3	NA	NA	0.25282444838655	37623	100	NA	NA
MDA	Moldova	2014	33850	4.60000000000001	2238.89988514801	12.1	96.9	NA	NA	2242	23.236	9.89224868257562	-0.0608857460994868	3556400	44.925	12.9149533032817	64.1049738449578
MDG	Madagascar	2014	587295	3.31577903358244	449.40082974561	20.1	81.2	NA	NA	281	117.494	2.81974415690535	2.7838697365537	23571713	34.468	NA	NA
MDV	Maldives	2014	300	6.48058584921731	7635.48415133126	5.2	99.5	NA	NA	36	7.276	4.72699802750304	2.01518154373079	401000	44.494	21.024014313463	97.7313243789236
MEA	Middle East & North Africa (all income levels)	2014	11370800	2.5023624127117	8377.0168210485	13.5720851630288	95.7084476687824	NA	NA	4454220	38.6734538883026	4.6831461378193	1.98547462096541	417451428	63.7427379141125	NA	NA
MEX	Mexico	2014	1964380	2.23079466200883	10325.6460658759	7.4	97.2	NA	NA	10666	63.4592	6.30848223499061	1.32121763533464	125385833	78.971	6.44263407549682	6.38957472670879
MHL	Marshall Islands	2014	180	-0.971303396439467	3529.74830339742	17	93.5	NA	NA	3	NA	NA	0.211952692799304	52898	72.424	NA	NA
MIC	Middle income	2014	62144163.5	4.82801564383924	4706.60970419783	20.5	95.7421037752765	NA	NA	7204443	40.9873275602761	6.57622854686477	1.18742469032493	5239940034	49.0312219552488	7.28327738851839	10.0542640422256
MKD	Macedonia, FYR	2014	25710	3.76755805949985	5455.59488900156	3.8	99.8	NA	NA	1768	17.8554	12.0217283950617	0.148595744777241	2075625	57.029	11.3831445375137	12.7153897860531
MLI	Mali	2014	1240190	7.19463484986886	704.507440024302	38.6	94.8	NA	NA	139267	175.4438	2.55758186428649	2.93342046714661	17086022	39.143	NA	NA
MLT	Malta	2014	320	NA	NA	4.4	100	NA	NA	5	16.8426	18.6712247111124	0.947375259271935	427404	95.277	9.44743687138153	6.07016474649751
MMR	Myanmar	2014	676590	8.49966360170443	1203.84466293825	27	92.7	NA	NA	223891	16.7116	5.2417700574239	0.85196116019991	53437159	33.551	NA	NA
MNA	Middle East & North Africa (developing only)	2014	8775420	1.50469193943231	4313.13052436019	14.4	95.0937059115833	NA	NA	4451133	42.350397332507	4.86090723948229	1.90038660778033	357312867	60.0150182414981	NA	NA
MNE	Montenegro	2014	13810	1.78371009295071	7378.46395009878	3.3	100	NA	NA	604	12.464	13.3436858299802	0.0954137901054266	621800	63.832	NA	NA
MNG	Mongolia	2014	1564120	7.82389914352714	4129.37354836224	11.7	67	NA	5.2	2146	16.3448	3.9828569720101	1.75759783749282	2909871	71.222	8.98793138501852	0.758915358204168
MNP	Northern Mariana Islands	2014	460	NA	NA	NA	97.5	NA	NA	NA	NA	NA	1.23975391037836	54541	89.272	NA	NA
MOZ	Mozambique	2014	799380	7.22056023362236	585.622682636669	27.8	80.6	NA	NA	58	142.5334	3.33793646125576	2.79097018326742	27216276	31.934	12.5362600330734	15.0373889244615
MRT	Mauritania	2014	1030700	6.41888881288126	1274.97694896858	36.3	58.4	NA	NA	34114	79.3816	3.19377774978744	2.47238250937251	3969625	59.255	12.0475654156665	37.1696341598249
MUS	Mauritius	2014	2040	3.59999999999997	10016.6486405725	8.7	99.9	NA	NA	94	28.5974	9.13392828285775	0.181061469451535	1260934	39.814	21.2686216943618	35.3239668538819
MWI	Malawi	2014	118480	5.70000000184363	255.04456957319	22.4	95.5	NA	NA	360	136.972	3.41515040233292	3.07228772774889	16695253	16.102	NA	NA
MYS	Malaysia	2014	330800	5.99260934195927	11307.064952828	4	100	NA	NA	468	13.3984	5.6735734361723	1.47095241053325	29901997	74.01	8.04609865884007	11.1263244571796
NAC	North America	2014	19816230	2.39249916148245	54195.100600166	3.66487576194448	99.46030533476	NA	NA	5081	22.807920623979	14.5202039625566	0.779544377063871	354462656	81.4707655730651	5.92361714664085	10.5602935593453
NAM	Namibia	2014	824290	6.3722883792646	5408.24349093869	16.1	98.2	NA	NA	1253	77.4004	3.50166343579187	2.36947993938036	2402858	45.678	NA	NA
NCL	New Caledonia	2014	18580	NA	NA	NA	98.5	NA	NA	NA	19.1588	10.0292532717475	1.51518050206022	266000	69.663	13.4264212484881	1.6315657341518
NER	Niger	2014	1267000	6.90001489410194	427.373240315359	27.3	100	NA	NA	738	203.604	2.57288374094264	4.02943651655582	19113728	18.469	24.7926154565874	11.383944586346
NGA	Nigeria	2014	923770	6.30971825251392	3203.29682449432	35	80.6	NA	NA	54537	111.886	2.74991569845399	2.66048733292991	177475986	46.942	NA	NA
NIC	Nicaragua	2014	130370	4.70277597158403	1963.05488403363	10.3	99.3	NA	NA	1587	89.6316	4.95996533371866	1.1416431235096	6013913	58.459	16.6616976698669	51.4754686153056
NLD	Netherlands	2014	41500	1.01112840751658	52172.1712345617	2.4	100	NA	NA	68	4.0888	17.7076918334221	0.295621410637362	16854183	89.91	12.2567000626753	15.6006516290982
NOC	High income: nonOECD	2014	24276156.7	1.81660566126749	18590.6336964455	6.44023357186236	98.2577080034888	NA	NA	124979	37.248951534979	10.428365923634	0.806192761966898	328766682	80.5896950689089	NA	NA
NOR	Norway	2014	385178	2.2085956650366	97307.4215922777	1.6	100	NA	NA	13	5.9398	16.033698720078	1.11300002968414	5136475	80.208	9.40142690461731	8.20965525315453
NPL	Nepal	2014	147180	5.38058382071026	701.680063399496	23	91.1	NA	NA	8561	72.5268	5.38751683956158	1.21317249181108	28174724	18.243	NA	NA
NZL	New Zealand	2014	267710	NA	NA	3.2	100	NA	NA	17	23.9378	14.4426114930501	1.51033948544577	4509700	86.251	10.7789575450806	60.9633137693913
OEC	High income: OECD	2014	33449119	1.71897252019122	43654.2514396552	2.79147933996927	99.7734583305788	NA	NA	12921	14.5306387799422	17.6473960743801	0.52591939087921	1070026367	80.6725176475254	8.56702615037421	9.1021627222187
OED	OECD members	2014	36197059	1.75151173049683	38388.2370217721	3.90410217062167	99.5353636188027	NA	NA	87562	22.9406775447687	15.9163647043553	0.646456860654837	1271344548	80.0399471025505	8.44457400382122	9.03900179684945
OMN	Oman	2014	309500	2.89420554420494	19309.6124499023	5.3	95.5	NA	NA	29	8.5776	2.53136348259715	8.08855915954617	4236057	77.178	12.3925709089484	2.28828604289474
OSS	Other small states	2014	1896810	3.77715738034698	4802.58014094059	25.9379466215302	96.242797746637	NA	NA	34379	71.496068309047	4.40960547152739	1.97524656366519	20937164	48.5403679194934	NA	NA
PAK	Pakistan	2014	796100	4.73835494419686	1316.61410969738	46.6	94	NA	NA	315759	39.156	4.4909308899168	2.10343724180588	185044286	38.303	11.7320369084173	19.0403393730909
PAN	Panama	2014	75420	6.16170491607963	11948.8511416186	9.9	97.7	NA	NA	89	75.3262	7.44342326572351	1.61218773355267	3867535	66.292	11.9005951815641	67.5169621917456
PER	Peru	2014	1285220	2.35025371037918	6541.03056360677	8.6	91.3	NA	5.8	4343	49.6782	6.67629909623652	1.32499895965774	30973148	78.285	10.5155321583857	23.596164155048
PHL	Philippines	2014	3e+05	6.13234304368882	2872.51216471657	12.9	93.6	NA	NA	668	60.7682	4.49274042253332	1.59325324844282	99138690	44.488	12.2241470980534	10.2494165260109
PLW	Palau	2014	460	7.95197548357565	11879.6778117315	9.3	97	NA	NA	1	NA	NA	0.847301337170296	21097	86.452	NA	NA
PNG	Papua New Guinea	2014	462840	8.5339018016779	2268.1587169891	24.9	88	NA	NA	288	55.251	2.96316364124066	2.09469317848676	7463577	12.985	NA	NA
POL	Poland	2014	312680	3.33404885709557	14342.9127072835	3.2	99.3	NA	NA	1310	13.664	15.018130255603	-0.117489522558284	37995529	60.568	8.38455037462876	12.7578644792128
PRI	Puerto Rico	2014	8870	NA	NA	NA	NA	NA	NA	NA	42.8788	14.1909016017016	-1.32813914257587	3548397	93.636	NA	NA
PRK	Korea, Dem. Rep.	2014	120540	NA	NA	14.1	99.9	NA	NA	1282	0.5608	9.55462414409657	0.525083325252246	25026772	60.715	NA	NA
PRT	Portugal	2014	92220	0.905797853815812	22132.1741434211	2	100	NA	NA	31	10.2834	20.3677383066488	-0.574471933978554	10397393	62.908	14.6611216089127	12.2246292674296
PRY	Paraguay	2014	406752	4.72233374488668	4712.82331151253	11.4	99.7	NA	35.3	94	57.9838	5.85805334682026	1.33429161062361	6552518	59.416	8.18954670940625	65.0771401053517
PSS	Pacific island small states	2014	65130	4.54418252039297	3760.70798646803	12.001858966189	97.3018755195586	NA	NA	1027	39.3688175911282	4.68891640939083	1.20872779518302	2313337	37.2322633593808	19.1853993685765	60.2889962927636
PYF	French Polynesia	2014	4000	NA	NA	NA	100	NA	NA	NA	36.4528	7.33716728441174	1.08347704497383	279781	55.976	NA	NA
QAT	Qatar	2014	11610	3.97815647270308	96732.4025450739	4	100	NA	NA	21	10.8858	1.15116260332909	3.31278379083863	2172065	99.159	9.4328337650822	0.0057789239533007
ROM	Romania	2014	238390	2.77734439042125	9996.670292743	6.5	100	NA	NA	1921	35.12	16.927709635584	-0.364449926099552	19910995	54.393	7.96329919925043	10.1577593073696
RUS	Russian Federation	2014	17098250	0.640485764962648	12735.9184024927	5.2	98.9	NA	NA	72777	24.1302	13.2313586817099	0.217632654954767	143819569	73.924	NA	NA
RWA	Rwanda	2014	26340	6.96347031963471	695.689258600913	19.5	86.5	NA	NA	79411	27.0462	2.74674241884526	2.35027091048529	11341544	27.841	18.7537477500349	36.8667491201113
SAS	South Asia	2014	5136164	6.88904573332043	1504.15866860507	30.8	95.3588726736268	NA	NA	3084660	34.9430708137259	5.31464075055912	1.3559239248423	1721020580	32.604169977253	6.04814982100147	13.3193168223377
SAU	Saudi Arabia	2014	2149690	3.46770491322015	24160.9585446781	8.2	97	NA	NA	630	9.233	2.79464731325567	2.24439270805474	30886545	82.926	NA	NA
SDN	Sudan	2014	1879357.5	3.10000026189263	1875.84328741646	30.4	66	NA	NA	659395	76.022	3.2910240980787	2.1452695617024	39350274	33.623	NA	NA
SEN	Senegal	2014	196710	4.72053961098592	1067.131753327	21.5	92.8	NA	NA	23118	80.2572	2.95949778896753	3.12562498146785	14672557	43.393	22.5941636333933	38.7426909573925
SGP	Singapore	2014	717	2.91838947735623	56284.5784053366	1.1	100	NA	NA	59	3.8334	11.0515662517574	1.29729758758627	5469700	100	3.66138776490923	2.58376650041424
SLB	Solomon Islands	2014	28900	1.50742629128797	2024.19041468429	12.5	93.2	NA	NA	70	49.4696	3.38307953391555	2.0278647253953	572171	21.876	20.4642424965828	14.0684847270736
SLE	Sierra Leone	2014	72300	4.61010071131615	765.959197296715	35.8	84.3	NA	NA	4997	119.6006	2.67454046922024	2.18934116926441	6315627	39.578	NA	NA
SLV	El Salvador	2014	21040	1.95194415299753	4119.99202319169	8.6	97.2	NA	NA	10965	65.5554	7.9911508510724	0.296162907552657	6107706	66.255	16.3244319964674	19.1418017447643
SMR	San Marino	2014	60	NA	NA	0.7	NA	NA	NA	1	NA	NA	0.647765259960038	31595	94.166	NA	NA
SOM	Somalia	2014	637660	NA	542.615883955694	40.5	NA	NA	NA	1106068	105.2022	2.83140524202883	2.39995438413842	10517569	39.078	NA	NA
SRB	Serbia	2014	88360	-1.81278184438366	6152.86712579702	4.3	99.4	NA	NA	45854	19.3334	16.6255679444585	-0.48559026852272	7129428	55.455	NA	NA
SSA	Sub-Saharan Africa (developing only)	2014	24262633.5	4.39911997348142	1776.46366979602	29.2	85.951424774743	NA	NA	4368550	103.000474438306	3.09067947188609	2.74458767271084	973402912	37.2280512692076	NA	NA
SSD	South Sudan	2014	644330	3.3736482824031	1115.09351560879	40.1	66.7	NA	NA	616142	68.3108	3.45550870509599	3.91553649421586	11911184	18.591	NA	NA
SSF	Sub-Saharan Africa (all income levels)	2014	24291138.5	4.34575215139876	1792.17204840568	29.1609153942433	85.9405169997846	NA	NA	4368749	103.003128622398	3.09083822256181	2.74470208961448	974315323	37.2317152386877	NA	NA
SST	Small states	2014	2396930	2.78578128067753	5965.71410422347	22.9717113273363	96.6220314180098	NA	NA	41627	66.2082399569593	5.29175744406453	1.58061207508761	30264056	46.1764344409457	NA	NA
STP	Sao Tome and Principe	2014	960	4.4785541355668	1810.72156651041	17.5	98.9	NA	NA	22	85.168	3.18822380354403	2.14583747247668	186342	64.511	32.3538253714873	97.0121624888853
SUR	Suriname	2014	163820	1.84290923425642	9680.11591367368	11.8	98.1	NA	NA	17	46.5188	6.79816738752397	0.895407485462734	538248	66.085	NA	NA
SVK	Slovak Republic	2014	49036	2.52193358746744	18501.1528609722	4.4	100	NA	NA	319	20.4052	13.4559598706292	0.0944063525656957	5418506	53.757	6.23021486117508	4.06909153056933
SVN	Slovenia	2014	20270	3.04833099044916	23999.1313335321	1.5	99.7	NA	NA	26	3.9208	17.6083749421607	0.109893559871506	2062218	49.695	8.40757135015459	4.10675890780522
SWE	Sweden	2014	447420	2.33183303363889	58938.772747665	1.6	100	NA	NA	18	5.618	19.6316243418311	0.924592435436623	9689555	85.665	10.5671314008259	6.1357351487235
SWZ	Swaziland	2014	17360	2.45037249885149	3477.14924295591	14.6	93.6	NA	NA	161	73.6144	3.53530657656692	1.46612234317163	1269112	21.315	NA	NA
SXM	Sint Maarten (Dutch part)	2014	34	NA	NA	NA	NA	NA	NA	0	NA	NA	2.84652521272006	37664	100	NA	NA
SYC	Seychelles	2014	455	3.31579165601077	15543.2147816316	8.8	95.7	NA	NA	25	57.9378	6.8302248925606	1.79251434455464	91526	53.559	NA	NA
SYR	Syrian Arab Republic	2014	185180	NA	NA	7.3	92.3	NA	NA	3865720	40.0214	3.93090822678154	1.67652775538269	22157800	57.255	NA	NA
TCA	Turks and Caicos Islands	2014	950	NA	NA	NA	NA	NA	NA	15	NA	NA	1.90601644007702	33740	91.847	NA	NA
TCD	Chad	2014	1284000	7.30000071305781	1024.66845170869	39.9	71.8	NA	NA	14855	137.173	2.4622116363276	3.3015950889173	13587053	22.341	NA	NA
TGO	Togo	2014	56790	5.70888644485153	635.044267662456	27.2	90.9	NA	NA	9277	91.9554	2.7576599439816	2.65531929954752	7115163	39.469	NA	NA
THA	Thailand	2014	513120	0.865663678764221	5977.38058711461	7	97.6	NA	NA	231	44.6358	10.0838778572695	0.406217867061089	67725979	49.174	5.72350540607793	13.7338988983951
TJK	Tajikistan	2014	142550	6.69925054626594	1114.00748334195	20.9	93.1	NA	NA	713	38.3492	3.05597745375995	2.24228046358466	8295840	26.692	NA	NA
TKM	Turkmenistan	2014	488100	10.299982765487	9031.51156969781	23.2	NA	NA	NA	486	16.6988	4.10761781945542	1.27238360437413	5307188	49.688	NA	NA
TMP	Timor-Leste	2014	14870	7.00357781753131	1169.03870697884	22.9	95.2	NA	NA	13	47.723	5.49215455865073	2.67872562344444	1212107	32.131	NA	NA
TON	Tonga	2014	750	2.14395546502062	4113.99349306787	7.1	99.7	NA	NA	22	15.4404	5.88430284317997	0.424250250759174	105586	23.632	27.1804302218741	364.696787648318
TTO	Trinidad and Tobago	2014	5130	0.817102345345916	21323.754712196	13.6	95.1	NA	NA	371	32.1586	9.1637916459638	0.461979352188715	1354483	8.55	NA	NA
TUN	Tunisia	2014	163610	2.69583343191799	4420.69843516059	8.5	100	NA	NA	1486	6.7968	7.4869134784658	1.00626446006026	10996600	66.645	NA	NA
TUR	Turkey	2014	783560	2.91414289451455	10515.007820334	7.5	100	NA	NA	63975	28.416	7.38828835350513	1.22186550135945	75932348	72.891	5.11940991219384	11.4451276857239
TUV	Tuvalu	2014	30	1.98788966658702	3826.90290129881	18.3	98.3	NA	NA	2	NA	NA	0.17198648581524	9893	58.782	NA	NA
TZA	Tanzania	2014	947300	6.9651329615898	955.141311392161	19.3	77.8	NA	NA	857	119.3834	3.19314802699771	3.15436942789149	51822621	30.901	NA	NA
UGA	Uganda	2014	241550	4.81527310764562	714.567345401347	19.2	95.5	NA	NA	7190	114.8464	2.49860975728986	3.25376537015281	37782971	15.766	NA	NA
UKR	Ukraine	2014	603550	-6.80000816307329	3082.46144707019	5.7	95.8	NA	NA	237636	24.885	15.2776144843696	-0.278913804543261	45362900	69.482	10.7876145600423	30.7252824395629
UMC	Upper middle income	2014	41620894	4.55131879644584	8000.31806762068	9.3	97.3297480455914	NA	NA	990957	30.9362200277154	8.30860327969246	0.795943709247581	2360827833	61.8273888954866	6.77664306262849	8.86282306692744
URY	Uruguay	2014	176220	3.49841478756581	16806.7732671439	5.3	100	NA	1.6	124	56.5144	14.3329055924874	0.338250791014438	3419516	95.152	11.0727145410278	65.2929243321091
USA	United States	2014	9831510	2.38819999999969	54629.4951678912	3.7	99.4	NA	NA	4986	24.1102	14.3897106161988	0.742746143848123	318857056	81.447	5.55396745104996	10.4602836419964
UZB	Uzbekistan	2014	447400	8.10000000197515	2036.69172343054	20.9	98.5	NA	NA	4796	17.8178	4.61918567591292	1.68690035915161	30757700	36.278	NA	NA
VCT	St. Vincent and the Grenadines	2014	390	0.597413328617364	6668.88610501504	11.8	95.1	NA	NA	1736	51.7248	7.17172640819313	0.0301801206751928	109360	50.2	NA	NA
VEN	Venezuela, RB	2014	912050	-3.99999999999999	NA	9.2	95	NA	NA	8009	79.6672	6.10012886304468	1.37047536846938	30693827	88.941	NA	NA
VIR	Virgin Islands (U.S.)	2014	350	NA	NA	NA	100	NA	NA	NA	44.1902	16.8678442301898	-0.542826609229225	104170	95.203	NA	NA
VNM	Vietnam	2014	330972	5.98365463697851	2052.29420172228	11.7	98.7	NA	NA	313418	38.1194	6.62109498793475	1.13180794177695	90730000	32.951	NA	NA
VUT	Vanuatu	2014	12190	2.30434710165453	3147.96377889252	11.8	98.7	NA	NA	1	43.4342	4.10919218334151	2.23347721161237	258883	25.817	NA	NA
WBG	West Bank and Gaza	2014	6020	-1.47836560280707	2965.90367459511	12.1	53.6	NA	NA	97235	59.1422	2.919623016786	2.95799495489124	4294682	75.026	NA	NA
WLD	World	2014	134325255.2	2.49176921687477	10721.4170393124	19.7	96.3750251489478	NA	NA	17531780	44.7655786707199	8.10277601337337	1.20132499002014	7260710677	53.3864435940035	8.12455723290985	9.38424219519269
WSM	Samoa	2014	2840	1.19614733672142	4172.21710037661	9.7	97.5	NA	NA	1	25.6102	5.1786598556126	0.761315435613004	191845	19.26	24.2717966782636	34.129306472394
YEM	Yemen, Rep.	2014	527970	NA	NA	22.8	NA	NA	NA	2628	62.2136	2.72530869997017	2.51559312211988	26183676	34.027	NA	NA
ZAF	South Africa	2014	1219090	1.5248428155884	6482.82147944259	11.1	99.5	NA	NA	424	46.5808	5.02803328737243	1.57611957984501	54001953	64.298	6.28453131935095	10.9962613831264
ZAR	Congo, Dem. Rep.	2014	2344860	9.04659616061964	442.339539367328	30.6	81.3	47.6	NA	516562	122.9484	2.96168798361794	3.15317544960179	74877030	41.976	NA	NA
ZMB	Zambia	2014	752610	6.00000007304035	1721.62327411224	22	85.7	NA	NA	316	93.0156	2.91896182151869	3.06964015478856	15721343	40.472	4.84418680381927	7.35662115509584
ZWE	Zimbabwe	2014	390760	3.84828989999914	931.1981869586	23.9	97.1	NA	NA	22494	110.4018	3.00116982615931	2.30745117689618	15245855	32.501	15.1392314603109	42.7234133730596
